  -0.20269,   0.15493,  -0.44012,  -0.30746,   0.40122,  -0.01431,   0.15123,   0.10236,   0.01122,  -0.19647
  -0.04748,  -0.16049,   0.25931,   0.11619,   0.34086,   0.34405,  -0.31500,  -0.09121,   0.24393,  -0.21805
  -0.22202,  -0.20885,   0.59424,   0.73579,  -0.76750,  -0.49513,  -0.23563,   0.30628,  -0.80492,  -0.02320
   0.12033,  -0.00750,   0.14131,  -0.07270,   0.15055,  -0.13340,   0.11946,   0.28549,  -0.06541,  -0.39149
  -0.28379,   0.12839,   0.71179,   0.39469,  -0.72824,  -0.64749,  -0.61083,   0.35202,   0.50882,  -0.35226
   0.02051,   0.19748,  -0.10852,  -0.00706,   0.08533,  -0.05960,   0.17998,   0.10499,  -0.11665,  -0.31839
   0.23287,  -0.26515,   0.10078,  -0.09910,   0.03124,  -0.29668,   0.36824,  -0.40484,   0.19264,  -0.05050
  -0.22276,   0.04698,   0.01490,  -0.15050,   0.05130,   0.03990,   0.14291,  -0.50980,  -0.08772,  -0.01039
  -0.13396,   0.03669,   0.22612,   0.09017,  -0.16922,  -0.05069,   0.08189,  -0.12705,   0.45696,  -0.40803
   0.27362,   0.11559,  -0.06077,  -0.29976,  -0.14677,   0.34311,   0.10928,  -0.11861,   0.12041,   0.16033
  -0.11621,   0.47623,   0.07451,   0.40428,  -0.63046,  -0.22170,  -0.09239,   0.32564,  -0.38743,  -0.29987
  -0.25908,  -0.08035,   0.24104,  -0.21305,  -0.26137,  -0.04033,  -0.03621,   0.17131,  -0.42654,  -0.30004
   0.06060,  -0.15791,  -0.04083,  -0.20408,  -0.18763,   0.29991,   0.25655,  -0.02438,   0.25874,  -0.32637
  -0.16973,  -0.20020,   0.38899,   0.02036,   0.25028,   0.02085,  -0.22059,   0.08497,   0.00133,   0.33159
   0.20031,   0.10953,  -0.23198,  -0.22098,  -0.28582,   0.51567,   0.28855,  -0.33644,   0.32466,   0.00807
   0.25993,   0.10773,  -0.13045,  -0.04770,   0.37075,  -0.26571,  -0.29365,   0.25469,   0.04591,   0.00585
   0.09226,   0.46567,   0.33642,  -0.25475,   0.45169,  -0.69871,  -0.96886,  -0.16370,   0.25212,   0.12631
   0.11498,   0.04981,   0.07420,   0.25619,  -0.24778,  -0.09394,  -0.41438,   0.09838,  -0.14310,   0.03247
  -0.02451,  -0.73217,   0.10572,  -0.28468,  -0.67854,   0.62115,   0.45928,   0.14122,   0.22508,  -0.16543
   0.14006,   0.09938,   0.08598,   0.24334,  -0.38418,  -0.67507,  -0.54724,  -0.15869,   0.20425,  -0.16702
  -0.14373,  -0.56073,   0.11830,  -0.12981,  -0.67462,   0.44369,  -0.32569,   0.21451,   0.05779,   0.25961
   0.01454,  -0.21284,  -0.17368,  -0.38421,  -0.17624,  -0.19953,  -0.77073,   0.68476,  -0.29866,   0.29542
  -0.01835,   0.42985,  -0.47990,  -0.48472,   0.20655,   0.08661,   0.23745,   0.11877,  -0.24784,   0.02945
  -0.24847,   0.13596,  -0.32776,  -0.02001,   0.73898,  -0.47034,   0.45393,  -0.49730,  -0.06131,  -0.26579
   0.37537,   0.27622,   0.01286,   0.28861,  -0.28083,  -0.12280,  -0.15805,  -0.10237,  -0.06069,  -0.22215
   0.18360,   0.14766,  -0.55166,  -0.05020,  -0.14626,   0.27238,   0.20497,  -0.08629,  -0.29482,  -0.41217
   0.00951,  -0.85358,   0.24224,   0.57506,  -0.56272,   0.11134,  -0.31073,  -0.22532,   0.53470,   0.29455
   0.23136,   0.36401,   0.16772,  -0.20412,  -0.70921,   0.71857,   0.48320,   0.05506,  -0.49564,  -0.18461
   0.15605,   0.09669,  -0.19410,   0.30257,   0.09551,  -0.26741,  -0.41218,   0.20693,   0.23881,   0.29003
   0.33729,  -0.17290,  -0.08936,  -0.35411,  -0.48735,   0.07232,  -0.17084,   0.37463,  -0.05576,   0.23656
  -0.02244,  -0.01332,   0.34743,   0.10466,   0.01142,   0.17339,   0.12867,  -0.14693,  -0.00962,   0.12957
  -0.36715,  -0.39490,  -0.53743,   0.14580,  -0.53560,   0.39493,  -0.25666,   0.33807,  -0.07756,   0.03829
   0.05135,   0.20965,  -0.27902,  -0.28326,   0.10559,  -0.03669,   0.36594,  -0.30689,   0.40230,  -0.18263
   0.27912,  -0.44287,  -0.23978,  -0.36381,  -0.09427,   0.05010,   0.30604,  -0.24933,  -0.13201,  -0.03421
  -0.56597,  -0.03777,  -0.11896,   0.09684,   0.32578,   0.33991,  -0.73595,   0.13811,  -0.56251,   0.03827
   0.04998,  -0.08987,  -0.29963,  -0.08767,   0.25151,  -0.02954,  -0.02712,   0.15021,  -0.15555,   0.22663
  -0.25570,  -0.14020,   0.53185,   0.55529,  -0.22118,   0.08466,  -0.75372,   0.81956,  -0.07215,  -0.69258
  -0.57915,   0.34129,   0.00424,   0.41057,  -0.49359,   0.87089,  -0.43204,  -0.22832,  -0.27705,   0.02129
  -0.18194,   0.21610,  -0.07463,  -0.12794,  -0.25866,   0.13807,  -0.01596,  -0.27630,   0.20971,  -0.55596
  -0.19851,   0.31109,   0.00616,  -0.20993,  -0.41925,   0.09786,   0.32453,  -0.12358,   0.30689,  -0.17329
   0.31836,  -0.29406,  -0.05886,  -0.28161,   0.17105,  -0.10116,   0.09695,  -0.36085,  -0.05142,   0.17539
   0.07356,   0.08782,   0.28069,  -0.20785,   0.13755,   0.07908,   0.18898,   0.03650,   0.04235,  -0.18937
  -0.55272,  -0.23208,   0.06088,  -0.00556,   0.18002,  -0.19526,  -0.27065,   0.22283,  -0.24936,   0.04839
  -0.66629,   0.31996,   0.03372,   0.34276,  -0.01757,   0.06525,  -0.35889,   0.08147,   0.02163,   0.20939
   0.37266,  -0.42831,   0.22800,  -0.13676,  -0.12215,  -0.19275,   0.28322,  -0.37036,   0.03699,   0.19960
  -0.04215,   0.13899,   0.58245,  -0.13551,  -0.17915,   0.20040,  -0.53877,  -0.19273,   0.34682,  -0.58518
   0.33272,  -0.13716,   0.16884,  -0.23144,   0.10230,  -0.26492,   0.15220,  -0.14439,  -0.12426,  -0.15739
  -0.31102,   0.33446,   0.27771,   0.18393,  -0.23638,   0.27767,  -0.76890,   0.12429,   0.11190,  -0.85715
   0.33362,   0.41773,  -0.80698,  -0.48793,   0.05687,   0.32193,   0.54724,  -0.22256,   0.01916,  -0.00410
  -0.29713,  -0.06797,  -0.12529,   0.24552,  -0.01256,  -0.02502,   0.12899,  -0.32425,  -0.10558,   0.09957
  -0.27334,  -0.04858,   0.04588,   0.14948,   0.28085,  -0.28607,  -0.15450,  -0.06732,  -0.13439,   0.01000
  -0.44515,  -0.21050,  -0.23625,   0.36839,   0.13115,   0.19174,  -0.23109,   0.05994,   0.00191,   0.17086
  -0.36572,  -0.83092,  -0.16580,   0.25589,  -0.23361,  -0.04212,   0.20080,  -0.18554,   0.12051,   0.34124
   0.15144,   0.03448,  -0.07495,   0.08185,   0.17271,   0.50285,   0.20583,  -0.41891,  -0.47079,  -0.49769
   0.37200,   0.24571,   0.17328,  -0.05081,  -0.37664,  -0.68862,   0.00345,   0.61121,  -0.08814,   0.04708
   0.71547,   0.11393,  -0.09823,  -0.57289,   0.31623,  -0.38249,  -0.32465,   0.25213,  -1.06921,   0.13924
  -0.20091,   0.20619,   0.21293,  -0.06616,   0.00707,  -0.17880,   0.21931,  -0.33995,  -0.01869,   0.00049
  -0.30533,   0.64239,   0.23560,  -0.48042,   0.21265,  -0.52332,  -0.16075,   0.66580,  -0.32731,  -0.07936
  -0.29219,  -0.36266,  -0.31208,   0.20209,  -0.01774,   0.08049,  -0.19690,  -0.09742,   0.20839,   0.23765
   0.18308,   0.32944,   0.13590,   0.25985,  -0.36332,   0.51642,  -0.09040,  -0.52803,  -1.02262,  -0.15357
  -0.02329,  -0.15262,   0.06656,  -0.07506,   0.26703,   0.17305,   0.40546,  -0.27094,   0.17201,  -0.05256
   0.38729,   0.36984,  -0.08978,  -0.48759,   0.14804,  -0.01358,  -0.09493,  -0.27178,  -0.32363,   0.17807
  -0.27406,  -0.22267,  -0.10866,  -0.12422,   0.21291,  -0.23582,   0.03160,   0.23469,  -0.05040,   0.05665
   0.33833,  -0.31732,   0.04299,   0.31163,   0.04534,  -0.00214,   0.18870,   0.26307,  -0.30947,   0.17868
